opt_airfoil(0).dat 0
 1.0000000     0.0000000
 0.9962120     0.0012287
 0.9899413     0.0032430
 0.9829509     0.0054596
 0.9752777     0.0078579
 0.9670075     0.0104026
 0.9582558     0.0130506
 0.9491418     0.0157596
 0.9397693     0.0184945
 0.9302181     0.0212290
 0.9205448     0.0239451
 0.9107875     0.0266310
 0.9009712     0.0292794
 0.8911118     0.0318857
 0.8812194     0.0344473
 0.8713005     0.0369627
 0.8613593     0.0394309
 0.8513984     0.0418516
 0.8414198     0.0442244
 0.8314249     0.0465495
 0.8214146     0.0488267
 0.8113898     0.0510561
 0.8013510     0.0532378
 0.7912991     0.0553719
 0.7812344     0.0574585
 0.7711576     0.0594976
 0.7610691     0.0614893
 0.7509695     0.0634337
 0.7408592     0.0653308
 0.7307388     0.0671806
 0.7206088     0.0689831
 0.7104696     0.0707383
 0.7003218     0.0724462
 0.6901658     0.0741067
 0.6800022     0.0757198
 0.6698315     0.0772853
 0.6596541     0.0788031
 0.6494706     0.0802732
 0.6392816     0.0816954
 0.6290874     0.0830695
 0.6188887     0.0843952
 0.6086860     0.0856725
 0.5984799     0.0869010
 0.5882708     0.0880804
 0.5780594     0.0892106
 0.5678462     0.0902911
 0.5576318     0.0913217
 0.5474168     0.0923020
 0.5372018     0.0932315
 0.5269874     0.0941099
 0.5167743     0.0949367
 0.5065631     0.0957115
 0.4963546     0.0964336
 0.4861493     0.0971027
 0.4759481     0.0977182
 0.4657516     0.0982794
 0.4555607     0.0987857
 0.4453762     0.0992364
 0.4351989     0.0996309
 0.4250298     0.0999684
 0.4148696     0.1002482
 0.4047196     0.1004694
 0.3945805     0.1006312
 0.3844537     0.1007326
 0.3743401     0.1007729
 0.3642411     0.1007509
 0.3541580     0.1006656
 0.3440921     0.1005160
 0.3340450     0.1003010
 0.3240182     0.1000193
 0.3140136     0.0996698
 0.3040330     0.0992511
 0.2940785     0.0987619
 0.2841522     0.0982008
 0.2742567     0.0975664
 0.2643945     0.0968570
 0.2545687     0.0960712
 0.2447823     0.0952072
 0.2350392     0.0942634
 0.2253431     0.0932379
 0.2156987     0.0921290
 0.2061109     0.0909349
 0.1965855     0.0896535
 0.1871289     0.0882832
 0.1777486     0.0868221
 0.1684531     0.0852685
 0.1592522     0.0836209
 0.1501575     0.0818779
 0.1411824     0.0800389
 0.1323425     0.0781036
 0.1236563     0.0760728
 0.1151452     0.0739482
 0.1068340     0.0717334
 0.0987506     0.0694338
 0.0909265     0.0670572
 0.0833952     0.0646141
 0.0761910     0.0621176
 0.0693469     0.0595836
 0.0628920     0.0570294
 0.0568484     0.0544735
 0.0512298     0.0519336
 0.0460396     0.0494259
 0.0412715     0.0469637
 0.0369110     0.0445572
 0.0329368     0.0422133
 0.0293238     0.0399358
 0.0260445     0.0377261
 0.0230713     0.0355835
 0.0203773     0.0335060
 0.0179374     0.0314909
 0.0157291     0.0295348
 0.0137311     0.0276344
 0.0119256     0.0257862
 0.0102960     0.0239869
 0.0088277     0.0222335
 0.0075083     0.0205237
 0.0063267     0.0188554
 0.0052733     0.0172273
 0.0043395     0.0156378
 0.0035172     0.0140846
 0.0027982     0.0125668
 0.0021755     0.0110850
 0.0016427     0.0096406
 0.0011947     0.0082350
 0.0008280     0.0068682
 0.0005387     0.0055380
 0.0003228     0.0042406
 0.0001708     0.0029748
 0.0000696     0.0017470
 0.0000103     0.0005665
-0.0000059    -0.0002011
 0.0000142    -0.0005821
 0.0000660    -0.0009618
 0.0001547    -0.0013364
 0.0002837    -0.0017008
 0.0004538    -0.0020517
 0.0008707    -0.0027299
 0.0015699    -0.0037257
 0.0024271    -0.0046405
 0.0034311    -0.0054664
 0.0045479    -0.0062334
 0.0057605    -0.0069593
 0.0070703    -0.0076459
 0.0084798    -0.0082955
 0.0099942    -0.0089122
 0.0116186    -0.0095018
 0.0133601    -0.0100683
 0.0152298    -0.0106126
 0.0172406    -0.0111362
 0.0194086    -0.0116395
 0.0217529    -0.0121227
 0.0242955    -0.0125860
 0.0270627    -0.0130274
 0.0300849    -0.0134454
 0.0333979    -0.0138363
 0.0370429    -0.0141962
 0.0410677    -0.0145194
 0.0455255    -0.0147987
 0.0504703    -0.0150251
 0.0559519    -0.0151879
 0.0620118    -0.0152756
 0.0686772    -0.0152774
 0.0759541    -0.0151838
 0.0838231    -0.0149889
 0.0922400    -0.0146917
 0.1011430    -0.0142958
 0.1104620    -0.0138092
 0.1201272    -0.0132430
 0.1300750    -0.0126099
 0.1402500    -0.0119229
 0.1506048    -0.0111949
 0.1610984    -0.0104378
 0.1716915    -0.0096629
 0.1823436    -0.0088805
 0.1930155    -0.0081001
 0.2036807    -0.0073289
 0.2143295    -0.0065719
 0.2249590    -0.0058329
 0.2355699    -0.0051145
 0.2461645    -0.0044186
 0.2567466    -0.0037466
 0.2673196    -0.0030992
 0.2778873    -0.0024770
 0.2884530    -0.0018802
 0.2990199    -0.0013086
 0.3095907    -0.0007618
 0.3201678    -0.0002394
 0.3307536     0.0002595
 0.3413498     0.0007356
 0.3519580     0.0011899
 0.3625797     0.0016237
 0.3732160     0.0020381
 0.3838677     0.0024344
 0.3945357     0.0028140
 0.4052203     0.0031782
 0.4159220     0.0035287
 0.4266408     0.0038668
 0.4373766     0.0041940
 0.4481292     0.0045118
 0.4588982     0.0048216
 0.4696828     0.0051250
 0.4804820     0.0054232
 0.4912946     0.0057176
 0.5021189     0.0060095
 0.5129524     0.0062998
 0.5237909     0.0065896
 0.5346304     0.0068797
 0.5454682     0.0071709
 0.5563029     0.0074638
 0.5671347     0.0077591
 0.5779644     0.0080570
 0.5887932     0.0083578
 0.5996221     0.0086616
 0.6104524     0.0089683
 0.6212847     0.0092774
 0.6321191     0.0095885
 0.6429535     0.0099006
 0.6537838     0.0102127
 0.6646045     0.0105235
 0.6754103     0.0108311
 0.6861972     0.0111339
 0.6969619     0.0114299
 0.7077013     0.0117168
 0.7184124     0.0119922
 0.7290924     0.0122534
 0.7397385     0.0124976
 0.7503481     0.0127218
 0.7609183     0.0129228
 0.7714467     0.0130971
 0.7819305     0.0132411
 0.7923672     0.0133513
 0.8027543     0.0134237
 0.8130892     0.0134544
 0.8233694     0.0134393
 0.8335923     0.0133744
 0.8437553     0.0132554
 0.8538555     0.0130781
 0.8638899     0.0128383
 0.8738550     0.0125318
 0.8837465     0.0121545
 0.8935589     0.0117025
 0.9032848     0.0111722
 0.9129139     0.0105604
 0.9224317     0.0098649
 0.9318171     0.0090847
 0.9410403     0.0082206
 0.9500594     0.0072766
 0.9588188     0.0062604
 0.9672477     0.0051849
 0.9752652     0.0040683
 0.9827889     0.0029336
 0.9897495     0.0018053
 0.9961042     0.0007068
 1.0000000     0.0000000
