opt_airfoil(4).dat 4_mod
 1.0000000     0.0000000
 0.9958798     0.0013603
 0.9891652     0.0035640
 0.9817989     0.0059574
 0.9738036     0.0085279
 0.9652381     0.0112497
 0.9561869     0.0140897
 0.9467448     0.0170127
 0.9370034     0.0199853
 0.9270416     0.0229798
 0.9169218     0.0259744
 0.9066907     0.0289529
 0.8963816     0.0319039
 0.8860180     0.0348193
 0.8756156     0.0376937
 0.8651851     0.0405232
 0.8547339     0.0433050
 0.8442666     0.0460372
 0.8337864     0.0487185
 0.8232954     0.0513477
 0.8127951     0.0539241
 0.8022865     0.0564468
 0.7917700     0.0589154
 0.7812463     0.0613292
 0.7707155     0.0636878
 0.7601780     0.0659908
 0.7496338     0.0682377
 0.7390832     0.0704281
 0.7285264     0.0725617
 0.7179633     0.0746381
 0.7073943     0.0766568
 0.6968193     0.0786176
 0.6862387     0.0805201
 0.6756525     0.0823640
 0.6650609     0.0841489
 0.6544643     0.0858746
 0.6438627     0.0875406
 0.6332565     0.0891466
 0.6226459     0.0906924
 0.6120313     0.0921776
 0.6014130     0.0936019
 0.5907914     0.0949649
 0.5801668     0.0962663
 0.5695398     0.0975057
 0.5589107     0.0986829
 0.5482802     0.0997974
 0.5376488     0.1008488
 0.5270170     0.1018368
 0.5163856     0.1027610
 0.5057552     0.1036208
 0.4951266     0.1044160
 0.4845005     0.1051459
 0.4738780     0.1058102
 0.4632597     0.1064082
 0.4526469     0.1069394
 0.4420404     0.1074033
 0.4314415     0.1077991
 0.4208513     0.1081263
 0.4102710     0.1083841
 0.3997021     0.1085719
 0.3891460     0.1086887
 0.3786043     0.1087338
 0.3680786     0.1087064
 0.3575707     0.1086054
 0.3470827     0.1084299
 0.3366166     0.1081789
 0.3261746     0.1078513
 0.3157592     0.1074458
 0.3053731     0.1069614
 0.2950190     0.1063966
 0.2846999     0.1057501
 0.2744191     0.1050207
 0.2641803     0.1042068
 0.2539877     0.1033072
 0.2438461     0.1023203
 0.2337609     0.1012449
 0.2237382     0.1000793
 0.2137850     0.0988222
 0.2039090     0.0974722
 0.1941192     0.0960280
 0.1844258     0.0944886
 0.1748404     0.0928533
 0.1653764     0.0911216
 0.1560492     0.0892938
 0.1468763     0.0873710
 0.1378777     0.0853551
 0.1290756     0.0832493
 0.1204949     0.0810584
 0.1121620     0.0787889
 0.1041051     0.0764490
 0.0963524     0.0740489
 0.0889306     0.0716006
 0.0818639     0.0691175
 0.0751722     0.0666142
 0.0688698     0.0641046
 0.0629634     0.0616023
 0.0574531     0.0591198
 0.0523325     0.0566673
 0.0475886     0.0542531
 0.0432049     0.0518836
 0.0391617     0.0495634
 0.0354381     0.0472942
 0.0320111     0.0450764
 0.0288582     0.0429104
 0.0259586     0.0407966
 0.0232941     0.0387327
 0.0208473     0.0367147
 0.0185999     0.0347395
 0.0165343     0.0328072
 0.0146359     0.0309190
 0.0128958     0.0290720
 0.0113071     0.0272608
 0.0098608     0.0254801
 0.0085440     0.0237299
 0.0073437     0.0220131
 0.0062499     0.0203326
 0.0052604     0.0186874
 0.0043752     0.0170737
 0.0035926     0.0154875
 0.0029058     0.0139279
 0.0023042     0.0123973
 0.0017787     0.0108989
 0.0013237     0.0094347
 0.0009436     0.0080035
 0.0006437     0.0066026
 0.0004145     0.0052323
 0.0002404     0.0038968
 0.0001182     0.0025945
 0.0000374     0.0013258
-0.0000001     0.0000958
 0.0000175    -0.0007175
 0.0000512    -0.0011239
 0.0001076    -0.0015301
 0.0001881    -0.0019349
 0.0002933    -0.0023364
 0.0004228    -0.0027335
 0.0005722    -0.0031269
 0.0007363    -0.0035172
 0.0009107    -0.0039053
 0.0010949    -0.0042919
 0.0012889    -0.0046770
 0.0014937    -0.0050603
 0.0017136    -0.0054386
 0.0019532    -0.0058072
 0.0022152    -0.0061639
 0.0027818    -0.0068606
 0.0033711    -0.0075604
 0.0036808    -0.0079044
 0.0040067    -0.0082389
 0.0043488    -0.0085643
 0.0047060    -0.0088815
 0.0050772    -0.0091922
 0.0058518    -0.0098033
 0.0070715    -0.0107143
 0.0083768    -0.0116058
 0.0097745    -0.0124722
 0.0112709    -0.0133074
 0.0128719    -0.0141086
 0.0145815    -0.0148827
 0.0164019    -0.0156401
 0.0183369    -0.0163864
 0.0203962    -0.0171182
 0.0225926    -0.0178307
 0.0249402    -0.0185228
 0.0274542    -0.0191971
 0.0301498    -0.0198570
 0.0330451    -0.0205012
 0.0361619    -0.0211266
 0.0395260    -0.0217306
 0.0431661    -0.0223111
 0.0471134    -0.0228659
 0.0514016    -0.0233903
 0.0560674    -0.0238788
 0.0611492    -0.0243247
 0.0666845    -0.0247209
 0.0727067    -0.0250590
 0.0792427    -0.0253300
 0.0863089    -0.0255253
 0.0939082    -0.0256374
 0.1020279    -0.0256604
 0.1106409    -0.0255913
 0.1197076    -0.0254299
 0.1291803    -0.0251792
 0.1390080    -0.0248445
 0.1491405    -0.0244332
 0.1595310    -0.0239536
 0.1701381    -0.0234148
 0.1809260    -0.0228255
 0.1918641    -0.0221944
 0.2029267    -0.0215291
 0.2140920    -0.0208370
 0.2253409    -0.0201246
 0.2366569    -0.0193973
 0.2480248    -0.0186601
 0.2594290    -0.0179175
 0.2708540    -0.0171733
 0.2822871    -0.0164305
 0.2937206    -0.0156913
 0.3051511    -0.0149575
 0.3165778    -0.0142301
 0.3280011    -0.0135099
 0.3394221    -0.0127973
 0.3508424    -0.0120926
 0.3622636    -0.0113956
 0.3736872    -0.0107061
 0.3851146    -0.0100238
 0.3965469    -0.0093482
 0.4079852    -0.0086788
 0.4194300    -0.0080150
 0.4308819    -0.0073561
 0.4423412    -0.0067014
 0.4538077    -0.0060504
 0.4652813    -0.0054024
 0.4767616    -0.0047569
 0.4882477    -0.0041131
 0.4997390    -0.0034708
 0.5112343    -0.0028295
 0.5227323    -0.0021891
 0.5342317    -0.0015492
 0.5457308    -0.0009099
 0.5572280    -0.0002714
 0.5687214     0.0003661
 0.5802089     0.0010022
 0.5916886     0.0016361
 0.6031581     0.0022672
 0.6146151     0.0028945
 0.6260572     0.0035166
 0.6374819     0.0041324
 0.6488866     0.0047401
 0.6602688     0.0053380
 0.6716257     0.0059240
 0.6829546     0.0064960
 0.6942528     0.0070516
 0.7055176     0.0075882
 0.7167462     0.0081030
 0.7279357     0.0085930
 0.7390835     0.0090551
 0.7501868     0.0094860
 0.7612427     0.0098822
 0.7722487     0.0102401
 0.7832019     0.0105561
 0.7940995     0.0108264
 0.8049386     0.0110469
 0.8157165     0.0112138
 0.8264302     0.0113229
 0.8370764     0.0113703
 0.8476513     0.0113519
 0.8581510     0.0112637
 0.8685703     0.0111017
 0.8789032     0.0108623
 0.8891418     0.0105418
 0.8992758     0.0101374
 0.9092917     0.0096466
 0.9191714     0.0090679
 0.9288911     0.0084011
 0.9384197     0.0076479
 0.9477179     0.0068126
 0.9567379     0.0059022
 0.9654248     0.0049276
 0.9737199     0.0039028
 0.9815670     0.0028448
 0.9889190     0.0017723
 0.9957457     0.0007026
 1.0000000     0.0000000
