rev_tip_115_mod
 1.0000000    -0.0002800
 0.9957556     0.0004198
 0.9885430     0.0016267
 0.9804926     0.0029943
 0.9719114     0.0044630
 0.9630013     0.0059758
 0.9538920     0.0074919
 0.9446590     0.0090010
 0.9353437     0.0105035
 0.9259839     0.0120032
 0.9166079     0.0135090
 0.9072166     0.0150295
 0.8978058     0.0165611
 0.8883832     0.0180979
 0.8789584     0.0196347
 0.8695407     0.0211673
 0.8601400     0.0226953
 0.8507550     0.0242298
 0.8413734     0.0257772
 0.8320077     0.0273297
 0.8226702     0.0288659
 0.8133284     0.0303776
 0.8039618     0.0318886
 0.7945911     0.0334122
 0.7852323     0.0349477
 0.7758811     0.0364807
 0.7665247     0.0379957
 0.7571561     0.0394939
 0.7477775     0.0409779
 0.7383923     0.0424490
 0.7290051     0.0439077
 0.7196251     0.0453520
 0.7102575     0.0467762
 0.7008973     0.0481772
 0.6915349     0.0495550
 0.6821649     0.0509123
 0.6727946     0.0522509
 0.6634338     0.0535671
 0.6540846     0.0548570
 0.6447484     0.0561163
 0.6354234     0.0573403
 0.6260940     0.0585272
 0.6167466     0.0596840
 0.6073876     0.0608152
 0.5980360     0.0619193
 0.5887053     0.0629882
 0.5793808     0.0640145
 0.5700408     0.0650032
 0.5606842     0.0659597
 0.5513209     0.0668863
 0.5419609     0.0677815
 0.5326063     0.0686418
 0.5232539     0.0694649
 0.5138995     0.0702501
 0.5045353     0.0709988
 0.4951548     0.0717154
 0.4857717     0.0724046
 0.4764061     0.0730600
 0.4670582     0.0736743
 0.4577120     0.0742439
 0.4483485     0.0747723
 0.4389712     0.0752673
 0.4295979     0.0757288
 0.4202364     0.0761532
 0.4108899     0.0765363
 0.4015600     0.0768726
 0.3922329     0.0771571
 0.3828888     0.0773944
 0.3735255     0.0775921
 0.3641633     0.0777548
 0.3548329     0.0778775
 0.3455332     0.0779459
 0.3362385     0.0779564
 0.3269368     0.0779117
 0.3176299     0.0778154
 0.3083255     0.0776699
 0.2990335     0.0774743
 0.2897624     0.0772245
 0.2805162     0.0769148
 0.2712880     0.0765392
 0.2620616     0.0760962
 0.2528365     0.0755909
 0.2436297     0.0750234
 0.2344521     0.0743891
 0.2253001     0.0736809
 0.2161594     0.0728951
 0.2070296     0.0720360
 0.1979287     0.0711035
 0.1888703     0.0700922
 0.1798539     0.0689934
 0.1708651     0.0678002
 0.1619011     0.0665146
 0.1529772     0.0651368
 0.1441078     0.0636628
 0.1352977     0.0620844
 0.1265406     0.0603939
 0.1178387     0.0585909
 0.1092108     0.0566745
 0.1006809     0.0546409
 0.0922622     0.0524786
 0.0839486     0.0501769
 0.0757556     0.0477437
 0.0677410     0.0451925
 0.0599849     0.0425373
 0.0525643     0.0397824
 0.0455394     0.0369408
 0.0389973     0.0340624
 0.0330465     0.0312159
 0.0277679     0.0284696
 0.0231873     0.0258723
 0.0192721     0.0234509
 0.0159549     0.0212129
 0.0131548     0.0191458
 0.0107905     0.0172288
 0.0087905     0.0154408
 0.0070903     0.0137688
 0.0056348     0.0122063
 0.0043782     0.0107479
 0.0032874     0.0093850
 0.0023462     0.0081008
 0.0018107     0.0072716
 0.0015788     0.0068590
 0.0013746     0.0064451
 0.0011970     0.0060307
 0.0010443     0.0056175
 0.0009140     0.0052069
 0.0007067     0.0043985
 0.0004749     0.0032323
 0.0002730     0.0021301
 0.0001546     0.0014278
 0.0001133     0.0010851
 0.0000910     0.0007467
 0.0000881     0.0004101
 0.0001039     0.0000726
 0.0001370    -0.0002686
 0.0002425    -0.0009655
 0.0004544    -0.0020542
 0.0006928    -0.0032003
 0.0008720    -0.0039960
 0.0009841    -0.0043993
 0.0011207    -0.0048035
 0.0012839    -0.0052072
 0.0014746    -0.0056085
 0.0016935    -0.0060061
 0.0019397    -0.0064000
 0.0022117    -0.0067897
 0.0025083    -0.0071757
 0.0028287    -0.0075588
 0.0031717    -0.0079399
 0.0035366    -0.0083200
 0.0043299    -0.0090819
 0.0056769    -0.0102406
 0.0072335    -0.0114206
 0.0090314    -0.0126248
 0.0111119    -0.0138544
 0.0135306    -0.0151054
 0.0163603    -0.0163841
 0.0196788    -0.0177235
 0.0235675    -0.0191392
 0.0281073    -0.0206178
 0.0333668    -0.0221219
 0.0394005    -0.0236210
 0.0461851    -0.0251086
 0.0535895    -0.0265493
 0.0614644    -0.0279040
 0.0696933    -0.0291495
 0.0781875    -0.0302789
 0.0868770    -0.0312970
 0.0957081    -0.0322096
 0.1046459    -0.0330238
 0.1136674    -0.0337472
 0.1227557    -0.0343871
 0.1319000    -0.0349504
 0.1410937    -0.0354441
 0.1503307    -0.0358755
 0.1596039    -0.0362507
 0.1689061    -0.0365748
 0.1782322    -0.0368515
 0.1875798    -0.0370842
 0.1969467    -0.0372765
 0.2063298    -0.0374315
 0.2157257    -0.0375515
 0.2251339    -0.0376380
 0.2345562    -0.0376937
 0.2439925    -0.0377220
 0.2534383    -0.0377258
 0.2628861    -0.0377063
 0.2723327    -0.0376622
 0.2817798    -0.0375927
 0.2912294    -0.0374975
 0.3006864    -0.0373771
 0.3101610    -0.0372346
 0.3196500    -0.0370770
 0.3291365    -0.0369060
 0.3386093    -0.0367180
 0.3480720    -0.0365077
 0.3575428    -0.0362732
 0.3670290    -0.0360209
 0.3765205    -0.0357544
 0.3860085    -0.0354738
 0.3954903    -0.0351772
 0.4049675    -0.0348624
 0.4144448    -0.0345281
 0.4239288    -0.0341752
 0.4334241    -0.0338068
 0.4429273    -0.0334269
 0.4524243    -0.0330372
 0.4619086    -0.0326328
 0.4713886    -0.0322105
 0.4808729    -0.0317702
 0.4903656    -0.0313142
 0.4998672    -0.0308457
 0.5093729    -0.0303679
 0.5188719    -0.0298811
 0.5283551    -0.0293819
 0.5378248    -0.0288644
 0.5473030    -0.0283250
 0.5568024    -0.0277720
 0.5663071    -0.0272114
 0.5757994    -0.0266428
 0.5852742    -0.0260607
 0.5947434    -0.0254593
 0.6042187    -0.0248401
 0.6137003    -0.0242057
 0.6231863    -0.0235585
 0.6326737    -0.0228999
 0.6421536    -0.0222305
 0.6516216    -0.0215461
 0.6610866    -0.0208433
 0.6705600    -0.0201223
 0.6800481    -0.0193865
 0.6895490    -0.0186409
 0.6990577    -0.0178878
 0.7085722    -0.0171287
 0.7180916    -0.0163650
 0.7276136    -0.0155976
 0.7371333    -0.0148283
 0.7466489    -0.0140617
 0.7561645    -0.0133002
 0.7656778    -0.0125416
 0.7751762    -0.0117820
 0.7846469    -0.0110195
 0.7940904    -0.0102701
 0.8035258    -0.0095465
 0.8129744    -0.0088452
 0.8224433    -0.0081554
 0.8319081    -0.0074667
 0.8413433    -0.0067928
 0.8507596    -0.0061481
 0.8601794    -0.0055333
 0.8696153    -0.0049438
 0.8790604    -0.0043729
 0.8884967    -0.0038208
 0.8979099    -0.0032921
 0.9072875    -0.0027956
 0.9166239    -0.0023427
 0.9259436    -0.0019430
 0.9352735    -0.0015895
 0.9445931    -0.0012718
 0.9538548    -0.0009892
 0.9629957    -0.0007463
 0.9719080    -0.0005521
 0.9804526    -0.0004178
 0.9884735    -0.0003490
 0.9957101    -0.0003402
 1.0000000    -0.0003600
